010201031210121
012023201303201
013201020132101
013231031323102
020120232101210
020320212023202
020320213032030
021202130102101
021203020313020
021232023213202
023010323101321
032301203012103
032301312130323
032303213230323
101312102123101
102010232021020
102321202123102
103010320301303
120212031210121
120230201232032
120313031203130
121310132301032
123202321203020
123212302321232
130203101213202
130312010301202
131020130323120
131202321232031
132030132013123
132120212312010
132131013123130
201031202120301
201031203103021
201310132030103
202120231210212
202120232120121
202302013032030
212023010323010
212023020132302
213230323123202
232031320232013
301230103012301
302303130320301
312103012013123
312130321230201
312131202321232
312131203132313
313202132303102
313202313231013
313210231323010
313230212030121
313231302313231
320213032030102
320301232032313
323010232012131
323130203021232
